127
106
121
132
123
155
154
193
162
109
141
151
109
166
136
186
118
147
175
161
131
188
136
113
116
117
193
107
139
150
154
121
186
116
118
116
147
113
188
178
173
140
178
142
123
162
126
105
134
165
169
163
164
147
119
163
134
182
141
100
117
195
167
118
199
127
163
109
157
196
108
195
156
183
130
115
193
160
106
121
156
197
184
128
102
169
129
116
131
113
150
181
111
152
138
111
117
183
125
193
134
114
157
133
118
179
124
191
191
165
159
105
196
106
117
192
116
127
127
146
164
164
165
197
103
141
157
183
110
182
163
114
102
198
168
140
187
189
129
110
127
146
147
190
162
109
166
180
158
107
126
139
135
138
198
106
170
110
102
114
162
157
126
192
115
131
119
110
121
112
147
101
125
172
182
173
123
116
165
195
117
138
143
191
143
151
102
102
198
162
137
165
169
109
182
158
171
146
149
170
194
123
